1 0 3
2 1 1
3 2 6
4 3 9
5 4 2
6 5 2
7 6 1
8 7 1
9 8 6
10 9 9
11 10 9
12 11 2
13 12 9
14 13 6
15 14 2
16 15 3
17 16 6
18 17 1
19 18 3
20 19 6
21 20 2
22 21 9
23 22 3
24 23 2
25 24 9
26 25 1
27 26 1
28 27 9
29 28 1
30 29 1
31 30 1
32 31 1
33 32 1
34 33 3
35 34 3
36 35 6
37 36 9
38 37 6
39 38 9
40 39 3
41 40 2
42 41 9
43 42 2
44 43 3
45 44 6
46 45 1
47 46 9
48 47 9
49 48 2
50 49 3
51 50 2
52 51 9
53 52 6
54 53 2
55 54 6
56 55 9
57 56 1
58 57 6
59 58 2
60 59 9
61 60 3
62 61 1
63 62 2
64 63 6
65 64 9
66 65 3
67 66 9
68 67 3
69 68 6
70 69 2
71 70 6
72 71 9
73 72 9
74 73 3
75 74 9
76 75 3
77 76 1
78 77 1
79 78 2
80 79 6
81 80 3
82 81 3
83 82 2
84 83 9
85 84 3
86 85 3
87 86 1
88 87 1
89 88 6
90 89 2
91 90 3
92 91 2
93 92 3
94 93 2
95 94 2
96 95 2
97 96 2
98 97 2
99 98 1
100 99 2
