1 0 2
2 1 1
3 2 2
4 3 1
5 4 2
6 5 3
7 6 6
8 7 1
9 8 9
10 9 3
11 10 2
12 11 2
13 12 1
14 13 6
15 14 2
16 15 2
17 16 6
18 17 2
19 18 1
20 19 2
21 20 1
22 21 2
23 22 1
24 23 1
25 24 6
26 25 3
27 26 3
28 27 6
29 28 9
30 29 2
31 30 1
32 31 1
33 32 1
34 33 1
35 34 2
36 35 3
37 36 1
38 37 2
39 38 3
40 39 3
41 40 2
42 41 9
43 42 1
44 43 2
45 44 1
46 45 3
47 46 3
48 47 9
49 48 6
50 49 2
51 50 2
52 51 2
53 52 6
54 53 1
55 54 1
56 55 3
57 56 2
58 57 3
59 58 1
60 59 6
61 60 3
62 61 9
63 62 9
64 63 2
65 64 1
66 65 9
67 66 3
68 67 9
69 68 9
70 69 2
71 70 6
72 71 6
73 72 6
74 73 9
75 74 2
76 75 3
77 76 9
78 77 1
79 78 1
80 79 3
81 80 6
82 81 9
83 82 6
84 83 2
85 84 3
86 85 6
87 86 6
88 87 6
89 88 1
90 89 6
91 90 3
92 91 1
93 92 9
94 93 9
95 94 6
96 95 2
97 96 6
98 97 1
99 98 2
100 99 3
